8.286948204040527344e+00
1.191718935966491699e+00
1.066434860229492188e+00
1.085719704627990723e+00
9.316856265068054199e-01
1.152248024940490723e+00
1.066604614257812500e+00
1.109727382659912109e+00
1.149339795112609863e+00
1.099804162979125977e+00
9.877214431762695312e-01
1.085691332817077637e+00
1.081721425056457520e+00
9.947887659072875977e-01
1.083374619483947754e+00
1.325331211090087891e+00
8.837794065475463867e-01
9.879080057144165039e-01
1.430090069770812988e+00
1.112814903259277344e+00
1.128744721412658691e+00
1.164422869682312012e+00
1.054400444030761719e+00
9.349245429039001465e-01
1.011394858360290527e+00
1.039500951766967773e+00
1.098995327949523926e+00
1.096739292144775391e+00
1.136487603187561035e+00
1.310887455940246582e+00
1.071257472038269043e+00
